1.00000 1.00000 0.00000 -1.00000 -1.00000 0.00000 -0.00000 -0.00000 -0.00000 -0.00000 0.00000 0.00000 0.00000 0.00000
1.00000 1.00000 0.00000 -0.98000 -0.98000 6.28319 0.00000 0.00000 0.00000 0.00000 0.20278 0.31581 0.20278 -0.31581
1.00000 1.00000 0.00000 -0.97000 -0.97000 6.28319 -0.00000 0.00000 -0.00000 0.00000 0.20482 0.31899 0.20482 -0.31899
1.00000 1.00000 0.00000 -0.96000 -0.96000 6.28319 0.00000 -0.00000 0.00000 -0.00000 0.20688 0.32219 0.20688 -0.32219
1.00000 1.00000 0.00000 -0.95000 -0.95000 6.28319 0.00000 -0.00000 0.00000 -0.00000 0.20896 0.32543 0.20896 -0.32543
1.00000 1.00000 0.00000 -0.94000 -0.94000 6.28319 -0.00000 0.00000 -0.00000 0.00000 0.21106 0.32870 0.21106 -0.32870
1.00000 1.00000 0.00000 -0.93000 -0.93000 6.28319 -0.00000 -0.00000 -0.00000 -0.00000 0.21318 0.33201 0.21318 -0.33201
1.00000 1.00000 0.00000 -0.92000 -0.92000 6.28319 0.00000 0.00000 0.00000 0.00000 0.21532 0.33534 0.21532 -0.33534
1.00000 1.00000 0.00000 -0.91000 -0.91000 6.28319 -0.00000 0.00000 -0.00000 0.00000 0.21749 0.33871 0.21749 -0.33871
1.00000 1.00000 0.00000 -0.90000 -0.90000 6.28319 0.00000 -0.00000 0.00000 -0.00000 0.21967 0.34212 0.21967 -0.34212
1.00000 1.00000 0.00000 -0.89000 -0.89000 6.28319 0.00000 -0.00000 0.00000 -0.00000 0.22188 0.34556 0.22188 -0.34556
1.00000 1.00000 0.00000 -0.88000 -0.88000 6.28319 -0.00000 0.00000 -0.00000 0.00000 0.22411 0.34903 0.22411 -0.34903
1.00000 1.00000 0.00000 -0.87000 -0.87000 6.28319 -0.00000 -0.00000 -0.00000 -0.00000 0.22636 0.35254 0.22636 -0.35254
1.00000 1.00000 0.00000 -0.86000 -0.86000 6.28319 0.00000 0.00000 0.00000 0.00000 0.22864 0.35608 0.22864 -0.35608
1.00000 1.00000 0.00000 -0.85000 -0.85000 6.28319 0.00000 0.00000 0.00000 0.00000 0.23093 0.35966 0.23093 -0.35966
1.00000 1.00000 0.00000 -0.84000 -0.84000 6.28319 0.00000 0.00000 0.00000 0.00000 0.23325 0.36327 0.23325 -0.36327
1.00000 1.00000 0.00000 -0.83000 -0.83000 6.28319 0.00000 0.00000 0.00000 0.00000 0.23560 0.36692 0.23560 -0.36692
1.00000 1.00000 0.00000 -0.82000 -0.82000 6.28319 0.00000 0.00000 0.00000 0.00000 0.23797 0.37061 0.23797 -0.37061
1.00000 1.00000 0.00000 -0.81000 -0.81000 6.28319 0.00000 0.00000 0.00000 0.00000 0.24036 0.37433 0.24036 -0.37433
1.00000 1.00000 0.00000 -0.80000 -0.80000 6.28319 0.00000 0.00000 0.00000 0.00000 0.24277 0.37810 0.24277 -0.37810
1.00000 1.00000 0.00000 -0.79000 -0.79000 6.28319 0.00000 0.00000 0.00000 0.00000 0.24521 0.38190 0.24521 -0.38190
1.00000 1.00000 0.00000 -0.78000 -0.78000 6.28319 0.00000 0.00000 0.00000 0.00000 0.24768 0.38573 0.24768 -0.38573
1.00000 1.00000 0.00000 -0.77000 -0.77000 6.28319 0.00000 0.00000 0.00000 0.00000 0.25017 0.38961 0.25017 -0.38961
1.00000 1.00000 0.00000 -0.76000 -0.76000 6.28319 0.00000 0.00000 0.00000 0.00000 0.25268 0.39353 0.25268 -0.39353
1.00000 1.00000 0.00000 -0.75000 -0.75000 6.28319 0.00000 0.00000 0.00000 0.00000 0.25522 0.39748 0.25522 -0.39748
1.00000 1.00000 0.00000 -0.74000 -0.74000 6.28319 0.00000 0.00000 0.00000 0.00000 0.25779 0.40148 0.25779 -0.40148
1.00000 1.00000 0.00000 -0.73000 -0.73000 6.28319 0.00000 0.00000 0.00000 0.00000 0.26038 0.40551 0.26038 -0.40551
1.00000 1.00000 0.00000 -0.72000 -0.72000 6.28319 0.00000 0.00000 0.00000 0.00000 0.26299 0.40959 0.26299 -0.40959
1.00000 1.00000 0.00000 -0.71000 -0.71000 6.28319 0.00000 0.00000 0.00000 0.00000 0.26564 0.41370 0.26564 -0.41370
1.00000 1.00000 0.00000 -0.70000 -0.70000 6.28319 0.00000 0.00000 0.00000 0.00000 0.26831 0.41786 0.26831 -0.41786
1.00000 1.00000 0.00000 -0.69000 -0.69000 6.28319 0.00000 0.00000 0.00000 0.00000 0.27100 0.42206 0.27100 -0.42206
1.00000 1.00000 0.00000 -0.68000 -0.68000 6.28319 0.00000 0.00000 0.00000 0.00000 0.27373 0.42630 0.27373 -0.42630
1.00000 1.00000 0.00000 -0.67000 -0.67000 6.28319 0.00000 0.00000 0.00000 0.00000 0.27648 0.43059 0.27648 -0.43059
1.00000 1.00000 0.00000 -0.66000 -0.66000 6.28319 0.00000 0.00000 0.00000 0.00000 0.27926 0.43491 0.27926 -0.43491
1.00000 1.00000 0.00000 -0.65000 -0.65000 6.28319 0.00000 0.00000 0.00000 0.00000 0.28206 0.43929 0.28206 -0.43929
1.00000 1.00000 0.00000 -0.64000 -0.64000 6.28319 0.00000 0.00000 0.00000 0.00000 0.28490 0.44370 0.28490 -0.44370
1.00000 1.00000 0.00000 -0.63000 -0.63000 6.28319 0.00000 0.00000 0.00000 0.00000 0.28776 0.44816 0.28776 -0.44816
1.00000 1.00000 0.00000 -0.62000 -0.62000 6.28319 0.00000 0.00000 0.00000 0.00000 0.29065 0.45266 0.29065 -0.45266
1.00000 1.00000 0.00000 -0.61000 -0.61000 6.28319 0.00000 0.00000 0.00000 0.00000 0.29357 0.45721 0.29357 -0.45721
1.00000 1.00000 0.00000 -0.60000 -0.60000 6.28319 0.00000 0.00000 0.00000 0.00000 0.29652 0.46181 0.29652 -0.46181
1.00000 1.00000 0.00000 -0.59000 -0.59000 6.28319 0.00000 0.00000 0.00000 0.00000 0.29950 0.46645 0.29950 -0.46645
1.00000 1.00000 0.00000 -0.58000 -0.58000 6.28319 0.00000 0.00000 0.00000 0.00000 0.30251 0.47114 0.30251 -0.47114
1.00000 1.00000 0.00000 -0.57000 -0.57000 6.28319 0.00000 0.00000 0.00000 0.00000 0.30556 0.47587 0.30556 -0.47587
1.00000 1.00000 0.00000 -0.56000 -0.56000 6.28319 0.00000 0.00000 0.00000 0.00000 0.30863 0.48066 0.30863 -0.48066
1.00000 1.00000 0.00000 -0.55000 -0.55000 6.28319 0.00000 0.00000 0.00000 0.00000 0.31173 0.48549 0.31173 -0.48549
1.00000 1.00000 0.00000 -0.54000 -0.54000 6.28319 0.00000 0.00000 0.00000 0.00000 0.31486 0.49037 0.31486 -0.49037
1.00000 1.00000 0.00000 -0.53000 -0.53000 6.28319 0.00000 0.00000 0.00000 0.00000 0.31803 0.49529 0.31803 -0.49529
1.00000 1.00000 0.00000 -0.52000 -0.52000 6.28319 0.00000 0.00000 0.00000 0.00000 0.32122 0.50027 0.32122 -0.50027
1.00000 1.00000 0.00000 -0.51000 -0.51000 6.28319 0.00000 0.00000 0.00000 0.00000 0.32445 0.50530 0.32445 -0.50530
1.00000 1.00000 0.00000 -0.50000 -0.50000 6.28319 0.00000 0.00000 0.00000 0.00000 0.32771 0.51038 0.32771 -0.51038
1.00000 1.00000 0.00000 -0.49000 -0.49000 6.28319 0.00000 0.00000 0.00000 0.00000 0.33100 0.51551 0.33100 -0.51551
1.00000 1.00000 0.00000 -0.48000 -0.48000 6.28319 0.00000 0.00000 0.00000 0.00000 0.33433 0.52069 0.33433 -0.52069
1.00000 1.00000 0.00000 -0.47000 -0.47000 6.28319 0.00000 0.00000 0.00000 0.00000 0.33769 0.52592 0.33769 -0.52592
1.00000 1.00000 0.00000 -0.46000 -0.46000 6.28319 0.00000 0.00000 0.00000 0.00000 0.34108 0.53121 0.34108 -0.53121
1.00000 1.00000 0.00000 -0.45000 -0.45000 6.28319 0.00000 0.00000 0.00000 0.00000 0.34451 0.53655 0.34451 -0.53655
1.00000 1.00000 0.00000 -0.44000 -0.44000 6.28319 0.00000 0.00000 0.00000 0.00000 0.34797 0.54194 0.34797 -0.54194
1.00000 1.00000 0.00000 -0.43000 -0.43000 6.28319 0.00000 0.00000 0.00000 0.00000 0.35147 0.54739 0.35147 -0.54739
1.00000 1.00000 0.00000 -0.42000 -0.42000 6.28319 0.00000 0.00000 0.00000 0.00000 0.35500 0.55289 0.35500 -0.55289
1.00000 1.00000 0.00000 -0.41000 -0.41000 6.28319 0.00000 0.00000 0.00000 0.00000 0.35857 0.55844 0.35857 -0.55844
1.00000 1.00000 0.00000 -0.40000 -0.40000 6.28319 0.00000 0.00000 0.00000 0.00000 0.36218 0.56405 0.36218 -0.56405
1.00000 1.00000 0.00000 -0.39000 -0.39000 6.28319 0.00000 0.00000 0.00000 0.00000 0.36582 0.56972 0.36582 -0.56972
1.00000 1.00000 0.00000 -0.38000 -0.38000 6.28319 0.00000 0.00000 0.00000 0.00000 0.36949 0.57545 0.36949 -0.57545
1.00000 1.00000 0.00000 -0.37000 -0.37000 6.28319 0.00000 0.00000 0.00000 0.00000 0.37321 0.58123 0.37321 -0.58123
1.00000 1.00000 0.00000 -0.36000 -0.36000 6.28319 0.00000 0.00000 0.00000 0.00000 0.37696 0.58707 0.37696 -0.58707
1.00000 1.00000 0.00000 -0.35000 -0.35000 6.28319 0.00000 0.00000 0.00000 0.00000 0.38075 0.59298 0.38075 -0.59298
1.00000 1.00000 0.00000 -0.34000 -0.34000 6.28319 0.00000 0.00000 0.00000 0.00000 0.38457 0.59893 0.38457 -0.59893
1.00000 1.00000 0.00000 -0.33000 -0.33000 6.28319 0.00000 0.00000 0.00000 0.00000 0.38844 0.60495 0.38844 -0.60495
1.00000 1.00000 0.00000 -0.32000 -0.32000 6.28319 0.00000 0.00000 0.00000 0.00000 0.39234 0.61103 0.39234 -0.61103
1.00000 1.00000 0.00000 -0.31000 -0.31000 6.28319 0.00000 0.00000 0.00000 0.00000 0.39628 0.61717 0.39628 -0.61717
1.00000 1.00000 0.00000 -0.30000 -0.30000 6.28319 0.00000 0.00000 0.00000 0.00000 0.40027 0.62338 0.40027 -0.62338
1.00000 1.00000 0.00000 -0.29000 -0.29000 6.28319 0.00000 0.00000 0.00000 0.00000 0.40429 0.62964 0.40429 -0.62964
1.00000 1.00000 0.00000 -0.28000 -0.28000 6.28319 0.00000 0.00000 0.00000 0.00000 0.40835 0.63597 0.40835 -0.63597
1.00000 1.00000 0.00000 -0.27000 -0.27000 6.28319 0.00000 0.00000 0.00000 0.00000 0.41246 0.64236 0.41246 -0.64236
1.00000 1.00000 0.00000 -0.26000 -0.26000 6.28319 0.00000 0.00000 0.00000 0.00000 0.41660 0.64882 0.41660 -0.64882
1.00000 1.00000 0.00000 -0.25000 -0.25000 6.28319 0.00000 0.00000 0.00000 0.00000 0.42079 0.65534 0.42079 -0.65534
1.00000 1.00000 0.00000 -0.24000 -0.24000 6.28319 0.00000 0.00000 0.00000 0.00000 0.42502 0.66192 0.42502 -0.66192
1.00000 1.00000 0.00000 -0.23000 -0.23000 6.28319 0.00000 0.00000 0.00000 0.00000 0.42929 0.66858 0.42929 -0.66858
1.00000 1.00000 0.00000 -0.22000 -0.22000 6.28319 0.00000 0.00000 0.00000 0.00000 0.43360 0.67530 0.43360 -0.67530
1.00000 1.00000 0.00000 -0.21000 -0.21000 6.28319 0.00000 0.00000 0.00000 0.00000 0.43796 0.68208 0.43796 -0.68208
1.00000 1.00000 0.00000 -0.20000 -0.20000 6.28319 0.00000 0.00000 0.00000 0.00000 0.44236 0.68894 0.44236 -0.68894
1.00000 1.00000 0.00000 -0.19000 -0.19000 6.28319 0.00000 0.00000 0.00000 0.00000 0.44681 0.69586 0.44681 -0.69586
1.00000 1.00000 0.00000 -0.18000 -0.18000 6.28319 0.00000 0.00000 0.00000 0.00000 0.45130 0.70286 0.45130 -0.70286
1.00000 1.00000 0.00000 -0.17000 -0.17000 6.28319 0.00000 0.00000 0.00000 0.00000 0.45583 0.70992 0.45583 -0.70992
1.00000 1.00000 0.00000 -0.16000 -0.16000 6.28319 0.00000 0.00000 0.00000 0.00000 0.46042 0.71705 0.46042 -0.71705
1.00000 1.00000 0.00000 -0.15000 -0.15000 6.28319 0.00000 0.00000 0.00000 0.00000 0.46504 0.72426 0.46504 -0.72426
1.00000 1.00000 0.00000 -0.14000 -0.14000 6.28319 0.00000 0.00000 0.00000 0.00000 0.46972 0.73154 0.46972 -0.73154
1.00000 1.00000 0.00000 -0.13000 -0.13000 6.28319 0.00000 0.00000 0.00000 0.00000 0.47444 0.73889 0.47444 -0.73889
1.00000 1.00000 0.00000 -0.12000 -0.12000 6.28319 0.00000 0.00000 0.00000 0.00000 0.47920 0.74632 0.47920 -0.74632
1.00000 1.00000 0.00000 -0.11000 -0.11000 6.28319 0.00000 0.00000 0.00000 0.00000 0.48402 0.75382 0.48402 -0.75382
1.00000 1.00000 0.00000 -0.10000 -0.10000 6.28319 0.00000 0.00000 0.00000 0.00000 0.48889 0.76140 0.48889 -0.76140
1.00000 1.00000 0.00000 -0.09000 -0.09000 6.28319 0.00000 0.00000 0.00000 0.00000 0.49380 0.76905 0.49380 -0.76905
1.00000 1.00000 0.00000 -0.08000 -0.08000 6.28319 0.00000 0.00000 0.00000 0.00000 0.49876 0.77678 0.49876 -0.77678
1.00000 1.00000 0.00000 -0.07000 -0.07000 6.28319 0.00000 0.00000 0.00000 0.00000 0.50377 0.78458 0.50377 -0.78458
1.00000 1.00000 0.00000 -0.06000 -0.06000 6.28319 0.00000 0.00000 0.00000 0.00000 0.50884 0.79247 0.50884 -0.79247
1.00000 1.00000 0.00000 -0.05000 -0.05000 6.28319 0.00000 0.00000 0.00000 0.00000 0.51395 0.80043 0.51395 -0.80043
1.00000 1.00000 0.00000 -0.04000 -0.04000 6.28319 0.00000 0.00000 0.00000 0.00000 0.51912 0.80848 0.51912 -0.80848
1.00000 1.00000 0.00000 -0.03000 -0.03000 6.28319 0.00000 0.00000 0.00000 0.00000 0.52433 0.81660 0.52433 -0.81660
1.00000 1.00000 0.00000 -0.02000 -0.02000 6.28319 0.00000 0.00000 0.00000 0.00000 0.52960 0.82481 0.52960 -0.82481
1.00000 1.00000 0.00000 -0.01000 -0.01000 6.28319 0.00000 0.00000 0.00000 0.00000 0.53493 0.83310 0.53493 -0.83310
2.00000 1.00000 0.00000 0.00000 0.00000 6.28319 0.00000 0.00000 0.00000 0.00000 0.54030 0.84147 0.54030 -0.84147
2.00000 1.00000 0.00000 0.01000 0.01000 6.28319 0.00000 0.00000 0.00000 0.00000 0.54573 0.84993 0.54573 -0.84993
2.00000 1.00000 0.00000 0.02000 0.02000 6.28319 0.00000 0.00000 0.00000 0.00000 0.55122 0.85847 0.55122 -0.85847
2.00000 1.00000 0.00000 0.03000 0.03000 6.28319 0.00000 0.00000 0.00000 0.00000 0.55676 0.86710 0.55676 -0.86710
2.00000 1.00000 0.00000 0.04000 0.04000 6.28319 0.00000 0.00000 0.00000 0.00000 0.56235 0.87581 0.56235 -0.87581
2.00000 1.00000 0.00000 0.05000 0.05000 6.28319 0.00000 0.00000 0.00000 0.00000 0.56800 0.88461 0.56800 -0.88461
2.00000 1.00000 0.00000 0.06000 0.06000 6.28319 0.00000 0.00000 0.00000 0.00000 0.57371 0.89350 0.57371 -0.89350
2.00000 1.00000 0.00000 0.07000 0.07000 6.28319 0.00000 0.00000 0.00000 0.00000 0.57948 0.90248 0.57948 -0.90248
2.00000 1.00000 0.00000 0.08000 0.08000 6.28319 0.00000 0.00000 0.00000 0.00000 0.58530 0.91156 0.58530 -0.91156
2.00000 1.00000 0.00000 0.09000 0.09000 6.28319 0.00000 0.00000 0.00000 0.00000 0.59118 0.92072 0.59118 -0.92072
2.00000 1.00000 0.00000 0.10000 0.10000 6.28319 0.00000 0.00000 0.00000 0.00000 0.59713 0.92997 0.59713 -0.92997
2.00000 1.00000 0.00000 0.11000 0.11000 6.28319 0.00000 0.00000 0.00000 0.00000 0.60313 0.93932 0.60313 -0.93932
2.00000 1.00000 0.00000 0.12000 0.12000 6.28319 0.00000 0.00000 0.00000 0.00000 0.60919 0.94876 0.60919 -0.94876
2.00000 1.00000 0.00000 0.13000 0.13000 6.28319 0.00000 0.00000 0.00000 0.00000 0.61531 0.95829 0.61531 -0.95829
2.00000 1.00000 0.00000 0.14000 0.14000 6.28319 0.00000 0.00000 0.00000 0.00000 0.62150 0.96792 0.62150 -0.96792
2.00000 1.00000 0.00000 0.15000 0.15000 6.28319 0.00000 0.00000 0.00000 0.00000 0.62774 0.97765 0.62774 -0.97765
2.00000 1.00000 0.00000 0.16000 0.16000 6.28319 0.00000 0.00000 0.00000 0.00000 0.63405 0.98747 0.63405 -0.98747
2.00000 1.00000 0.00000 0.17000 0.17000 6.28319 0.00000 0.00000 0.00000 0.00000 0.64042 0.99740 0.64042 -0.99740
2.00000 1.00000 0.00000 0.18000 0.18000 6.28319 0.00000 0.00000 0.00000 0.00000 0.64686 1.00742 0.64686 -1.00742
2.00000 1.00000 0.00000 0.19000 0.19000 6.28319 0.00000 0.00000 0.00000 0.00000 0.65336 1.01755 0.65336 -1.01755
2.00000 1.00000 0.00000 0.20000 0.20000 6.28319 0.00000 0.00000 0.00000 0.00000 0.65993 1.02778 0.65993 -1.02778
2.00000 1.00000 0.00000 0.21000 0.21000 6.28319 0.00000 0.00000 0.00000 0.00000 0.66656 1.03810 0.66656 -1.03810
2.00000 1.00000 0.00000 0.22000 0.22000 6.28319 0.00000 0.00000 0.00000 0.00000 0.67326 1.04854 0.67326 -1.04854
2.00000 1.00000 0.00000 0.23000 0.23000 6.28319 0.00000 0.00000 0.00000 0.00000 0.68002 1.05908 0.68002 -1.05908
2.00000 1.00000 0.00000 0.24000 0.24000 6.28319 0.00000 0.00000 0.00000 0.00000 0.68686 1.06972 0.68686 -1.06972
2.00000 1.00000 0.00000 0.25000 0.25000 6.28319 0.00000 0.00000 0.00000 0.00000 0.69376 1.08047 0.69376 -1.08047
2.00000 1.00000 0.00000 0.26000 0.26000 6.28319 0.00000 0.00000 0.00000 0.00000 0.70073 1.09133 0.70073 -1.09133
2.00000 1.00000 0.00000 0.27000 0.27000 6.28319 0.00000 0.00000 0.00000 0.00000 0.70778 1.10230 0.70778 -1.10230
2.00000 1.00000 0.00000 0.28000 0.28000 6.28319 0.00000 0.00000 0.00000 0.00000 0.71489 1.11338 0.71489 -1.11338
2.00000 1.00000 0.00000 0.29000 0.29000 6.28319 0.00000 0.00000 0.00000 0.00000 0.72208 1.12457 0.72208 -1.12457
2.00000 1.00000 0.00000 0.30000 0.30000 6.28319 0.00000 0.00000 0.00000 0.00000 0.72933 1.13587 0.72933 -1.13587
2.00000 1.00000 0.00000 0.31000 0.31000 6.28319 0.00000 0.00000 0.00000 0.00000 0.73666 1.14728 0.73666 -1.14728
2.00000 1.00000 0.00000 0.32000 0.32000 6.28319 0.00000 0.00000 0.00000 0.00000 0.74406 1.15881 0.74406 -1.15881
2.00000 1.00000 0.00000 0.33000 0.33000 6.28319 0.00000 0.00000 0.00000 0.00000 0.75154 1.17046 0.75154 -1.17046
2.00000 1.00000 0.00000 0.34000 0.34000 6.28319 0.00000 0.00000 0.00000 0.00000 0.75910 1.18222 0.75910 -1.18222
2.00000 1.00000 0.00000 0.35000 0.35000 6.28319 0.00000 0.00000 0.00000 0.00000 0.76673 1.19410 0.76673 -1.19410
2.00000 1.00000 0.00000 0.36000 0.36000 6.28319 0.00000 0.00000 0.00000 0.00000 0.77443 1.20611 0.77443 -1.20611
2.00000 1.00000 0.00000 0.37000 0.37000 6.28319 0.00000 0.00000 0.00000 0.00000 0.78221 1.21823 0.78221 -1.21823
2.00000 1.00000 0.00000 0.38000 0.38000 6.28319 0.00000 0.00000 0.00000 0.00000 0.79008 1.23047 0.79008 -1.23047
2.00000 1.00000 0.00000 0.39000 0.39000 6.28319 0.00000 0.00000 0.00000 0.00000 0.79802 1.24284 0.79802 -1.24284
2.00000 1.00000 0.00000 0.40000 0.40000 6.28319 0.00000 0.00000 0.00000 0.00000 0.80604 1.25533 0.80604 -1.25533
2.00000 1.00000 0.00000 0.41000 0.41000 6.28319 0.00000 0.00000 0.00000 0.00000 0.81414 1.26794 0.81414 -1.26794
2.00000 1.00000 0.00000 0.42000 0.42000 6.28319 0.00000 0.00000 0.00000 0.00000 0.82232 1.28069 0.82232 -1.28069
2.00000 1.00000 0.00000 0.43000 0.43000 6.28319 0.00000 0.00000 0.00000 0.00000 0.83058 1.29356 0.83058 -1.29356
2.00000 1.00000 0.00000 0.44000 0.44000 6.28319 0.00000 0.00000 0.00000 0.00000 0.83893 1.30656 0.83893 -1.30656
2.00000 1.00000 0.00000 0.45000 0.45000 6.28319 0.00000 0.00000 0.00000 0.00000 0.84736 1.31969 0.84736 -1.31969
2.00000 1.00000 0.00000 0.46000 0.46000 6.28319 0.00000 0.00000 0.00000 0.00000 0.85588 1.33295 0.85588 -1.33295
2.00000 1.00000 0.00000 0.47000 0.47000 6.28319 0.00000 0.00000 0.00000 0.00000 0.86448 1.34635 0.86448 -1.34635
2.00000 1.00000 0.00000 0.48000 0.48000 6.28319 0.00000 0.00000 0.00000 0.00000 0.87317 1.35988 0.87317 -1.35988
2.00000 1.00000 0.00000 0.49000 0.49000 6.28319 0.00000 0.00000 0.00000 0.00000 0.88194 1.37355 0.88194 -1.37355
2.00000 1.00000 0.00000 0.50000 0.50000 6.28319 0.00000 0.00000 0.00000 0.00000 0.89081 1.38735 0.89081 -1.38735
2.00000 1.00000 0.00000 0.51000 0.51000 6.28319 0.00000 0.00000 0.00000 0.00000 0.89976 1.40129 0.89976 -1.40129
2.00000 1.00000 0.00000 0.52000 0.52000 6.28319 0.00000 0.00000 0.00000 0.00000 0.90880 1.41538 0.90880 -1.41538
2.00000 1.00000 0.00000 0.53000 0.53000 6.28319 0.00000 0.00000 0.00000 0.00000 0.91794 1.42960 0.91794 -1.42960
2.00000 1.00000 0.00000 0.54000 0.54000 6.28319 0.00000 0.00000 0.00000 0.00000 0.92716 1.44397 0.92716 -1.44397
2.00000 1.00000 0.00000 0.55000 0.55000 6.28319 0.00000 0.00000 0.00000 0.00000 0.93648 1.45848 0.93648 -1.45848
2.00000 1.00000 0.00000 0.56000 0.56000 6.28319 0.00000 0.00000 0.00000 0.00000 0.94589 1.47314 0.94589 -1.47314
2.00000 1.00000 0.00000 0.57000 0.57000 6.28319 0.00000 0.00000 0.00000 0.00000 0.95540 1.48795 0.95540 -1.48795
2.00000 1.00000 0.00000 0.58000 0.58000 6.28319 0.00000 0.00000 0.00000 0.00000 0.96500 1.50290 0.96500 -1.50290
2.00000 1.00000 0.00000 0.59000 0.59000 6.28319 0.00000 0.00000 0.00000 0.00000 0.97470 1.51800 0.97470 -1.51800
2.00000 1.00000 0.00000 0.60000 0.60000 6.28319 0.00000 0.00000 0.00000 0.00000 0.98450 1.53326 0.98450 -1.53326
2.00000 1.00000 0.00000 0.61000 0.61000 6.28319 0.00000 0.00000 0.00000 0.00000 0.99439 1.54867 0.99439 -1.54867
2.00000 1.00000 0.00000 0.62000 0.62000 6.28319 0.00000 0.00000 0.00000 0.00000 1.00438 1.56423 1.00438 -1.56423
2.00000 1.00000 0.00000 0.63000 0.63000 6.28319 0.00000 0.00000 0.00000 0.00000 1.01448 1.57996 1.01448 -1.57996
2.00000 1.00000 0.00000 0.64000 0.64000 6.28319 0.00000 0.00000 0.00000 0.00000 1.02467 1.59583 1.02467 -1.59583
2.00000 1.00000 0.00000 0.65000 0.65000 6.28319 0.00000 0.00000 0.00000 0.00000 1.03497 1.61187 1.03497 -1.61187
2.00000 1.00000 0.00000 0.66000 0.66000 6.28319 0.00000 0.00000 0.00000 0.00000 1.04537 1.62807 1.04537 -1.62807
2.00000 1.00000 0.00000 0.67000 0.67000 6.28319 0.00000 0.00000 0.00000 0.00000 1.05588 1.64443 1.05588 -1.64443
2.00000 1.00000 0.00000 0.68000 0.68000 6.28319 0.00000 0.00000 0.00000 0.00000 1.06649 1.66096 1.06649 -1.66096
2.00000 1.00000 0.00000 0.69000 0.69000 6.28319 0.00000 0.00000 0.00000 0.00000 1.07721 1.67765 1.07721 -1.67765
2.00000 1.00000 0.00000 0.70000 0.70000 6.28319 0.00000 0.00000 0.00000 0.00000 1.08804 1.69451 1.08804 -1.69451
2.00000 1.00000 0.00000 0.71000 0.71000 6.28319 0.00000 0.00000 0.00000 0.00000 1.09897 1.71154 1.09897 -1.71154
2.00000 1.00000 0.00000 0.72000 0.72000 6.28319 0.00000 0.00000 0.00000 0.00000 1.11002 1.72875 1.11002 -1.72875
2.00000 1.00000 0.00000 0.73000 0.73000 6.28319 0.00000 0.00000 0.00000 0.00000 1.12117 1.74612 1.12117 -1.74612
2.00000 1.00000 0.00000 0.74000 0.74000 6.28319 0.00000 0.00000 0.00000 0.00000 1.13244 1.76367 1.13244 -1.76367
2.00000 1.00000 0.00000 0.75000 0.75000 6.28319 0.00000 0.00000 0.00000 0.00000 1.14382 1.78139 1.14382 -1.78139
2.00000 1.00000 0.00000 0.76000 0.76000 6.28319 0.00000 0.00000 0.00000 0.00000 1.15532 1.79930 1.15532 -1.79930
2.00000 1.00000 0.00000 0.77000 0.77000 6.28319 0.00000 0.00000 0.00000 0.00000 1.16693 1.81738 1.16693 -1.81738
2.00000 1.00000 0.00000 0.78000 0.78000 6.28319 0.00000 0.00000 0.00000 0.00000 1.17865 1.83565 1.17865 -1.83565
2.00000 1.00000 0.00000 0.79000 0.79000 6.28319 0.00000 0.00000 0.00000 0.00000 1.19050 1.85409 1.19050 -1.85409
2.00000 1.00000 0.00000 0.80000 0.80000 6.28319 0.00000 0.00000 0.00000 0.00000 1.20247 1.87273 1.20247 -1.87273
2.00000 1.00000 0.00000 0.81000 0.81000 6.28319 0.00000 0.00000 0.00000 0.00000 1.21455 1.89155 1.21455 -1.89155
2.00000 1.00000 0.00000 0.82000 0.82000 6.28319 0.00000 0.00000 0.00000 0.00000 1.22676 1.91056 1.22676 -1.91056
2.00000 1.00000 0.00000 0.83000 0.83000 6.28319 0.00000 0.00000 0.00000 0.00000 1.23909 1.92976 1.23909 -1.92976
2.00000 1.00000 0.00000 0.84000 0.84000 6.28319 0.00000 0.00000 0.00000 0.00000 1.25154 1.94916 1.25154 -1.94916
2.00000 1.00000 0.00000 0.85000 0.85000 6.28319 0.00000 0.00000 0.00000 0.00000 1.26412 1.96875 1.26412 -1.96875
2.00000 1.00000 0.00000 0.86000 0.86000 6.28319 0.00000 0.00000 0.00000 0.00000 1.27682 1.98853 1.27682 -1.98853
2.00000 1.00000 0.00000 0.87000 0.87000 6.28319 0.00000 0.00000 0.00000 0.00000 1.28965 2.00852 1.28965 -2.00852
2.00000 1.00000 0.00000 0.88000 0.88000 6.28319 0.00000 0.00000 0.00000 0.00000 1.30261 2.02870 1.30261 -2.02870
2.00000 1.00000 0.00000 0.89000 0.89000 6.28319 0.00000 0.00000 0.00000 0.00000 1.31571 2.04909 1.31571 -2.04909
2.00000 1.00000 0.00000 0.90000 0.90000 6.28319 0.00000 0.00000 0.00000 0.00000 1.32893 2.06969 1.32893 -2.06969
2.00000 1.00000 0.00000 0.91000 0.91000 6.28319 0.00000 0.00000 0.00000 0.00000 1.34229 2.09049 1.34229 -2.09049
2.00000 1.00000 0.00000 0.92000 0.92000 6.28319 0.00000 0.00000 0.00000 0.00000 1.35578 2.11150 1.35578 -2.11150
2.00000 1.00000 0.00000 0.93000 0.93000 6.28319 0.00000 0.00000 0.00000 0.00000 1.36940 2.13272 1.36940 -2.13272
2.00000 1.00000 0.00000 0.94000 0.94000 6.28319 0.00000 0.00000 0.00000 0.00000 1.38316 2.15415 1.38316 -2.15415
2.00000 1.00000 0.00000 0.95000 0.95000 6.28319 0.00000 0.00000 0.00000 0.00000 1.39707 2.17580 1.39707 -2.17580
2.00000 1.00000 0.00000 0.96000 0.96000 6.28319 0.00000 0.00000 0.00000 0.00000 1.41111 2.19767 1.41111 -2.19767
2.00000 1.00000 0.00000 0.97000 0.97000 6.28319 0.00000 0.00000 0.00000 0.00000 1.42529 2.21975 1.42529 -2.21975
2.00000 1.00000 0.00000 0.98000 0.98000 6.28319 0.00000 0.00000 0.00000 0.00000 1.43961 2.24206 1.43961 -2.24206
2.00000 1.00000 0.00000 0.99000 0.99000 6.28319 0.00000 0.00000 0.00000 0.00000 1.45408 2.26460 1.45408 -2.26460
2.00000 1.00000 0.00000 1.00000 1.00000 6.28319 0.00000 0.00000 0.00000 0.00000 1.46869 2.28736 1.46869 -2.28736
4.00000 -2.00000 0.00000 0.00000 0.00000 6.28319 0.00000 0.00000 0.00000 0.00000 1.46869 2.28736 1.46869 -2.28736
3.00000 -2.00000 0.00000 0.00010 0.00010 6.28319 0.01000 0.01000 -0.01000 -0.01000 0.99937 0.00000 0.99812 0.00000
3.00000 -2.00000 0.00000 0.00040 0.00040 6.28319 0.02000 0.02000 -0.02000 -0.02000 1.00000 0.00000 0.99499 0.00000
3.00000 -2.00000 0.00000 0.00090 0.00090 6.28319 0.02999 0.02999 -0.02999 -0.02999 1.00000 0.00000 0.98876 0.00000
3.00000 -2.00000 0.00000 0.00160 0.00160 6.28319 0.03996 0.03996 -0.03996 -0.03996 1.00000 0.00000 0.98013 0.00000
3.00000 -2.00000 0.00000 0.00249 0.00249 6.28319 0.04993 0.04993 -0.04993 -0.04993 1.00000 0.00000 0.96916 0.00000
3.00000 -2.00000 0.00000 0.00358 0.00358 6.28319 0.05987 0.05987 -0.05987 -0.05987 1.00000 0.00000 0.95596 0.00000
3.00000 -2.00000 0.00000 0.00487 0.00487 6.28319 0.06979 0.06979 -0.06979 -0.06979 1.00000 0.00000 0.94063 0.00000
3.00000 -2.00000 0.00000 0.00635 0.00635 6.28319 0.07968 0.07968 -0.07968 -0.07968 1.00000 0.00000 0.92332 0.00000
3.00000 -2.00000 0.00000 0.00802 0.00802 6.28319 0.08954 0.08954 -0.08954 -0.08954 1.00000 0.00000 0.90416 0.00000
3.00000 -2.00000 0.00000 0.00987 0.00987 6.28319 0.09937 0.09937 -0.09937 -0.09937 1.00000 0.00000 0.88331 0.00000
3.00000 -2.00000 0.00000 0.01192 0.01192 6.28319 0.10916 0.10916 -0.10916 -0.10916 1.00000 0.00000 0.86093 0.00000
3.00000 -2.00000 0.00000 0.01414 0.01414 6.28319 0.11891 0.11891 -0.11891 -0.11891 1.00000 0.00000 0.83720 0.00000
3.00000 -2.00000 0.00000 0.01654 0.01654 6.28319 0.12862 0.12862 -0.12862 -0.12862 1.00000 0.00000 0.81230 0.00000
3.00000 -2.00000 0.00000 0.01912 0.01912 6.28319 0.13828 0.13828 -0.13828 -0.13828 1.00000 0.00000 0.78639 0.00000
3.00000 -2.00000 0.00000 0.02187 0.02187 6.28319 0.14789 0.14789 -0.14789 -0.14789 1.00000 0.00000 0.75966 0.00000
3.00000 -2.00000 0.00000 0.02480 0.02480 6.28319 0.15746 0.15746 -0.15746 -0.15746 1.00000 0.00000 0.73228 0.00000
3.00000 -2.00000 0.00000 0.02788 0.02788 6.28319 0.16697 0.16697 -0.16697 -0.16697 1.00000 0.00000 0.70443 0.00000
3.00000 -2.00000 0.00000 0.03113 0.03113 6.28319 0.17643 0.17643 -0.17643 -0.17643 1.00000 0.00000 0.67625 0.00000
3.00000 -2.00000 0.00000 0.03454 0.03454 6.28319 0.18584 0.18584 -0.18584 -0.18584 1.00000 0.00000 0.64791 0.00000
3.00000 -2.00000 0.00000 0.03810 0.03810 6.28319 0.19518 0.19518 -0.19518 -0.19518 1.00000 0.00000 0.61956 0.00000
3.00000 -2.00000 0.00000 0.04181 0.04181 6.28319 0.20447 0.20447 -0.20447 -0.20447 1.00000 0.00000 0.59132 0.00000
3.00000 -2.00000 0.00000 0.04567 0.04567 6.28319 0.21369 0.21369 -0.21369 -0.21369 1.00000 0.00000 0.56334 0.00000
3.00000 -2.00000 0.00000 0.04967 0.04967 6.28319 0.22286 0.22286 -0.22286 -0.22286 1.00000 0.00000 0.53571 0.00000
3.00000 -2.00000 0.00000 0.05381 0.05381 6.28319 0.23196 0.23196 -0.23196 -0.23196 1.00000 0.00000 0.50855 0.00000
3.00000 -2.00000 0.00000 0.05809 0.05809 6.28319 0.24100 0.24100 -0.24100 -0.24100 1.00000 0.00000 0.48194 0.00000
3.00000 -2.00000 0.00000 0.06249 0.06249 6.28319 0.24998 0.24998 -0.24998 -0.24998 1.00000 0.00000 0.45597 0.00000
3.00000 -2.00000 0.00000 0.06703 0.06703 6.28319 0.25889 0.25889 -0.25889 -0.25889 1.00000 0.00000 0.43071 0.00000
3.00000 -2.00000 0.00000 0.07169 0.07169 6.28319 0.26774 0.26774 -0.26774 -0.26774 1.00000 0.00000 0.40621 0.00000
3.00000 -2.00000 0.00000 0.07647 0.07647 6.28319 0.27653 0.27653 -0.27653 -0.27653 1.00000 0.00000 0.38252 0.00000
3.00000 -2.00000 0.00000 0.08137 0.08137 6.28319 0.28525 0.28525 -0.28525 -0.28525 1.00000 0.00000 0.35969 0.00000
3.00000 -2.00000 0.00000 0.08638 0.08638 6.28319 0.29390 0.29390 -0.29390 -0.29390 1.00000 0.00000 0.33773 0.00000
3.00000 -2.00000 0.00000 0.09150 0.09150 6.28319 0.30249 0.30249 -0.30249 -0.30249 1.00000 0.00000 0.31667 0.00000
3.00000 -2.00000 0.00000 0.09673 0.09673 6.28319 0.31101 0.31101 -0.31101 -0.31101 0.99907 0.00000 0.29611 0.00000
3.00000 -2.00000 0.00000 0.10207 0.10207 6.28319 0.31947 0.31947 -0.31947 -0.31947 0.99909 0.00000 0.27691 0.00000
3.00000 -2.00000 0.00000 0.10750 0.10750 6.28319 0.32787 0.32787 -0.32787 -0.32787 0.99910 0.00000 0.25863 0.00000
3.00000 -2.00000 0.00000 0.11303 0.11303 6.28319 0.33620 0.33620 -0.33620 -0.33620 0.99911 0.00000 0.24126 0.00000
3.00000 -2.00000 0.00000 0.11866 0.11866 6.28319 0.34446 0.34446 -0.34446 -0.34446 0.99913 0.00000 0.22479 0.00000
3.00000 -2.00000 0.00000 0.12438 0.12438 6.28319 0.35267 0.35267 -0.35267 -0.35267 0.99914 0.00000 0.20920 0.00000
3.00000 -2.00000 0.00000 0.13019 0.13019 6.28319 0.36081 0.36081 -0.36081 -0.36081 0.99916 0.00000 0.19448 0.00000
3.00000 -2.00000 0.00000 0.13609 0.13609 6.28319 0.36889 0.36889 -0.36889 -0.36889 0.99917 0.00000 0.18059 0.00000
3.00000 -2.00000 0.00000 0.14206 0.14206 6.28319 0.37690 0.37690 -0.37690 -0.37690 0.99918 0.00000 0.16752 0.00000
3.00000 -2.00000 0.00000 0.14812 0.14812 6.28319 0.38486 0.38486 -0.38486 -0.38486 0.99919 0.00000 0.15524 0.00000
3.00000 -2.00000 0.00000 0.15426 0.15426 6.28319 0.39275 0.39275 -0.39275 -0.39275 0.99921 0.00000 0.14372 0.00000
3.00000 -2.00000 0.00000 0.16048 0.16048 6.28319 0.40059 0.40059 -0.40059 -0.40059 0.99922 0.00000 0.13292 0.00000
3.00000 -2.00000 0.00000 0.16677 0.16677 6.28319 0.40836 0.40836 -0.40836 -0.40836 0.99923 0.00000 0.12282 0.00000
3.00000 -2.00000 0.00000 0.17313 0.17313 6.28319 0.41608 0.41608 -0.41608 -0.41608 0.99924 0.00000 0.11338 0.00000
3.00000 -2.00000 0.00000 0.17956 0.17956 6.28319 0.42373 0.42373 -0.42373 -0.42373 0.99925 0.00000 0.10458 0.00000
3.00000 -2.00000 0.00000 0.18606 0.18606 6.28319 0.43133 0.43133 -0.43133 -0.43133 0.99926 0.00000 0.09638 0.00000
3.00000 -2.00000 0.00000 0.19263 0.19263 6.28319 0.43888 0.43888 -0.43888 -0.43888 0.99927 0.00000 0.08875 0.00000
3.00000 -2.00000 0.00000 0.19925 0.19925 6.28319 0.44637 0.44637 -0.44637 -0.44637 0.99929 0.00000 0.08166 0.00000
3.00000 -2.00000 0.00000 0.20594 0.20594 6.28319 0.45380 0.45380 -0.45380 -0.45380 0.99930 0.00000 0.07507 0.00000
3.00000 -2.00000 0.00000 0.21270 0.21270 6.28319 0.46118 0.46118 -0.46118 -0.46118 0.99931 0.00000 0.06897 0.00000
3.00000 -2.00000 0.00000 0.21951 0.21951 6.28319 0.46850 0.46850 -0.46850 -0.46850 0.99932 0.00000 0.06331 0.00000
3.00000 -2.00000 0.00000 0.22637 0.22637 6.28319 0.47577 0.47577 -0.47577 -0.47577 0.99933 0.00000 0.05808 0.00000
3.00000 -2.00000 0.00000 0.23329 0.23329 6.28319 0.48299 0.48299 -0.48299 -0.48299 0.99934 0.00000 0.05324 0.00000
3.00000 -2.00000 0.00000 0.24027 0.24027 6.28319 0.49015 0.49015 -0.49015 -0.49015 0.99935 0.00000 0.04877 0.00000
3.00000 -2.00000 0.00000 0.24729 0.24729 6.28319 0.49727 0.49727 -0.49727 -0.49727 0.99936 0.00000 0.04465 0.00000
3.00000 -2.00000 0.00000 0.25437 0.25437 6.28319 0.50433 0.50433 -0.50433 -0.50433 0.99937 0.00000 0.04085 0.00000
3.00000 -2.00000 0.00000 0.26150 0.26150 6.28319 0.51135 0.51135 -0.51135 -0.51135 0.99938 0.00000 0.03735 0.00000
3.00000 -2.00000 0.00000 0.26867 0.26867 6.28319 0.51832 0.51832 -0.51832 -0.51832 0.99938 0.00000 0.03413 0.00000
3.00000 -2.00000 0.00000 0.27589 0.27589 6.28319 0.52524 0.52524 -0.52524 -0.52524 0.99939 0.00000 0.03117 0.00000
3.00000 -2.00000 0.00000 0.28316 0.28316 6.28319 0.53211 0.53211 -0.53211 -0.53211 0.99940 0.00000 0.02845 0.00000
3.00000 -2.00000 0.00000 0.29047 0.29047 6.28319 0.53893 0.53893 -0.53893 -0.53893 0.99941 0.00000 0.02596 0.00000
3.00000 -2.00000 0.00000 0.29782 0.29782 6.28319 0.54571 0.54571 -0.54571 -0.54571 0.99942 0.00000 0.02367 0.00000
3.00000 -2.00000 0.00000 0.30521 0.30521 6.28319 0.55244 0.55244 -0.55244 -0.55244 0.99943 0.00000 0.02157 0.00000
3.00000 -2.00000 0.00000 0.31265 0.31265 6.28319 0.55913 0.55913 -0.55913 -0.55913 0.99943 0.00000 0.01964 0.00000
3.00000 -2.00000 0.00000 0.32012 0.32012 6.28319 0.56577 0.56577 -0.56577 -0.56577 0.99944 0.00000 0.01788 0.00000
3.00000 -2.00000 0.00000 0.32763 0.32763 6.28319 0.57237 0.57237 -0.57237 -0.57237 0.99945 0.00000 0.01627 0.00000
3.00000 -2.00000 0.00000 0.33518 0.33518 6.28319 0.57893 0.57893 -0.57893 -0.57893 0.99945 0.00000 0.01480 0.00000
3.00000 -2.00000 0.00000 0.34277 0.34277 6.28319 0.58545 0.58545 -0.58545 -0.58545 0.99946 0.00000 0.01345 0.00000
3.00000 -2.00000 0.00000 0.35039 0.35039 6.28319 0.59192 0.59192 -0.59192 -0.59192 0.99947 0.00000 0.01222 0.00000
3.00000 -2.00000 0.00000 0.35805 0.35805 6.28319 0.59835 0.59835 -0.59835 -0.59835 0.99947 0.00000 0.01110 0.00000
3.00000 -2.00000 0.00000 0.36574 0.36574 6.28319 0.60474 0.60474 -0.60474 -0.60474 0.99948 0.00000 0.01008 0.00000
3.00000 -2.00000 0.00000 0.37346 0.37346 6.28319 0.61110 0.61110 -0.61110 -0.61110 0.99949 0.00000 0.00915 0.00000
3.00000 -2.00000 0.00000 0.38122 0.38122 6.28319 0.61741 0.61741 -0.61741 -0.61741 0.99949 0.00000 0.00830 0.00000
3.00000 -2.00000 0.00000 0.38900 0.38900 6.28319 0.62368 0.62368 -0.62368 -0.62368 0.99950 0.00000 0.00753 0.00000
3.00000 -2.00000 0.00000 0.39682 0.39682 6.28319 0.62992 0.62992 -0.62992 -0.62992 0.99950 0.00000 0.00682 0.00000
3.00000 -2.00000 0.00000 0.40467 0.40467 6.28319 0.63612 0.63612 -0.63612 -0.63612 0.99951 0.00000 0.00618 0.00000
3.00000 -2.00000 0.00000 0.41255 0.41255 6.28319 0.64228 0.64228 -0.64228 -0.64228 0.99952 0.00000 0.00560 0.00000
3.00000 -2.00000 0.00000 0.42045 0.42045 6.28319 0.64840 0.64840 -0.64840 -0.64840 0.99952 0.00000 0.00507 0.00000
3.00000 -2.00000 0.00000 0.42839 0.42839 6.28319 0.65449 0.65449 -0.65449 -0.65449 0.99953 0.00000 0.00459 0.00000
3.00000 -2.00000 0.00000 0.43634 0.43634 6.28319 0.66054 0.66054 -0.66054 -0.66054 0.99953 0.00000 0.00415 0.00000
3.00000 -2.00000 0.00000 0.44433 0.44433 6.28319 0.66656 0.66656 -0.66656 -0.66656 0.99954 0.00000 0.00375 0.00000
3.00000 -2.00000 0.00000 0.45234 0.45234 6.28319 0.67254 0.67254 -0.67254 -0.67254 0.99955 0.00000 0.00340 0.00000
3.00000 -2.00000 0.00000 0.46038 0.46038 6.28319 0.67849 0.67849 -0.67849 -0.67849 0.99955 0.00000 0.00307 0.00000
3.00000 -2.00000 0.00000 0.46845 0.46845 6.28319 0.68441 0.68441 -0.68441 -0.68441 0.99955 0.00000 0.00277 0.00000
3.00000 -2.00000 0.00000 0.47653 0.47653 6.28319 0.69029 0.69029 -0.69029 -0.69029 0.99956 0.00000 0.00251 0.00000
3.00000 -2.00000 0.00000 0.48464 0.48464 6.28319 0.69614 0.69614 -0.69614 -0.69614 0.99957 0.00000 0.00226 0.00000
3.00000 -2.00000 0.00000 0.49278 0.49278 6.28319 0.70196 0.70196 -0.70196 -0.70196 0.99957 0.00000 0.00204 0.00000
3.00000 -2.00000 0.00000 0.50093 0.50093 6.28319 0.70774 0.70774 -0.70774 -0.70774 0.99957 0.00000 0.00184 0.00000
3.00000 -2.00000 0.00000 0.50911 0.50911 6.28319 0.71350 0.71350 -0.71350 -0.71350 0.99958 0.00000 0.00166 0.00000
3.00000 -2.00000 0.00000 0.51731 0.51731 6.28319 0.71922 0.71922 -0.71922 -0.71922 0.99958 0.00000 0.00150 0.00000
3.00000 -2.00000 0.00000 0.52553 0.52553 6.28319 0.72491 0.72491 -0.72491 -0.72491 0.99959 0.00000 0.00135 0.00000
3.00000 -2.00000 0.00000 0.53377 0.53377 6.28319 0.73058 0.73058 -0.73058 -0.73058 0.99959 0.00000 0.00122 0.00000
3.00000 -2.00000 0.00000 0.54204 0.54204 6.28319 0.73621 0.73621 -0.73621 -0.73621 0.99960 0.00000 0.00110 0.00000
3.00000 -2.00000 0.00000 0.55032 0.55032 6.28319 0.74181 0.74181 -0.74181 -0.74181 0.99960 0.00000 0.00099 0.00000
3.00000 -2.00000 0.00000 0.55862 0.55862 6.28319 0.74739 0.74739 -0.74739 -0.74739 0.99960 0.00000 0.00089 0.00000
3.00000 -2.00000 0.00000 0.56694 0.56694 6.28319 0.75293 0.75293 -0.75293 -0.75293 0.99961 0.00000 0.00080 0.00000
3.00000 -2.00000 0.00000 0.57528 0.57528 6.28319 0.75845 0.75845 -0.75845 -0.75845 0.99961 0.00000 0.00072 0.00000
3.00000 -2.00000 0.00000 0.58364 0.58364 6.28319 0.76394 0.76394 -0.76394 -0.76394 0.99962 0.00000 0.00065 0.00000
3.00000 -2.00000 0.00000 0.59202 0.59202 6.28319 0.76940 0.76940 -0.76940 -0.76940 0.99962 0.00000 0.00059 0.00000
3.00000 -2.00000 0.00000 0.60041 0.60041 6.28319 0.77484 0.77484 -0.77484 -0.77484 0.99962 0.00000 0.00053 0.00000
3.00000 -2.00000 0.00000 0.60882 0.60882 6.28319 0.78025 0.78025 -0.78025 -0.78025 0.99963 0.00000 0.00048 0.00000
3.00000 -2.00000 0.00000 0.61725 0.61725 6.28319 0.78563 0.78563 -0.78563 -0.78563 0.99963 0.00000 0.00043 0.00000
3.00000 -2.00000 0.00000 0.62570 0.62570 6.28319 0.79099 0.79099 -0.79099 -0.79099 0.99964 0.00000 0.00038 0.00000
3.00000 -2.00000 0.00000 0.63416 0.63416 6.28319 0.79631 0.79631 -0.79631 -0.79631 0.99964 0.00000 0.00035 0.00000
3.00000 -2.00000 0.00000 0.64263 0.64263 6.28319 0.80162 0.80162 -0.80162 -0.80162 0.99964 0.00000 0.00031 0.00000
3.00000 -2.00000 0.00000 0.65113 0.65113 6.28319 0.80690 0.80690 -0.80690 -0.80690 0.99965 0.00000 0.00028 0.00000
3.00000 -2.00000 0.00000 0.65963 0.65963 6.28319 0.81215 0.81215 -0.81215 -0.81215 0.99965 0.00000 0.00025 0.00000
3.00000 -2.00000 0.00000 0.66816 0.66816 6.28319 0.81738 0.81738 -0.81738 -0.81738 0.99965 0.00000 0.00023 0.00000
3.00000 -2.00000 0.00000 0.67670 0.67670 6.28319 0.82259 0.82259 -0.82259 -0.82259 0.99966 0.00000 0.00020 0.00000
3.00000 -2.00000 0.00000 0.68525 0.68525 6.28319 0.82777 0.82777 -0.82777 -0.82777 0.99966 0.00000 0.00018 0.00000
3.00000 -2.00000 0.00000 0.69381 0.69381 6.28319 0.83293 0.83293 -0.83293 -0.83293 0.99966 0.00000 0.00016 0.00000
3.00000 -2.00000 0.00000 0.70240 0.70240 6.28319 0.83806 0.83806 -0.83806 -0.83806 0.99967 0.00000 0.00015 0.00000
3.00000 -2.00000 0.00000 0.71099 0.71099 6.28319 0.84318 0.84318 -0.84318 -0.84318 0.99967 0.00000 0.00013 0.00000
3.00000 -2.00000 0.00000 0.71960 0.71960 6.28319 0.84827 0.84827 -0.84827 -0.84827 0.99967 0.00000 0.00012 0.00000
3.00000 -2.00000 0.00000 0.72822 0.72822 6.28319 0.85333 0.85333 -0.85333 -0.85333 0.99967 0.00000 0.00011 0.00000
3.00000 -2.00000 0.00000 0.73686 0.73686 6.28319 0.85838 0.85838 -0.85838 -0.85838 0.99968 0.00000 0.00010 0.00000
3.00000 -2.00000 0.00000 0.74550 0.74550 6.28319 0.86340 0.86340 -0.86340 -0.86340 0.99968 0.00000 0.00009 0.00000
3.00000 -2.00000 0.00000 0.75416 0.75416 6.28319 0.86840 0.86840 -0.86840 -0.86840 0.99968 0.00000 0.00008 0.00000
3.00000 -2.00000 0.00000 0.76284 0.76284 6.28319 0.87338 0.87338 -0.87338 -0.87338 0.99969 0.00000 0.00007 0.00000
3.00000 -2.00000 0.00000 0.77152 0.77152 6.28319 0.87833 0.87833 -0.87833 -0.87833 0.99969 0.00000 0.00006 0.00000
3.00000 -2.00000 0.00000 0.78022 0.78022 6.28319 0.88327 0.88327 -0.88327 -0.88327 0.99969 0.00000 0.00006 0.00000
3.00000 -2.00000 0.00000 0.78892 0.78892 6.28319 0.88819 0.88819 -0.88819 -0.88819 0.99969 0.00000 0.00005 0.00000
3.00000 -2.00000 0.00000 0.79765 0.79765 6.28319 0.89308 0.89308 -0.89308 -0.89308 0.99970 0.00000 0.00004 0.00000
3.00000 -2.00000 0.00000 0.80638 0.80638 6.28319 0.89796 0.89796 -0.89796 -0.89796 0.99970 0.00000 0.00004 0.00000
3.00000 -2.00000 0.00000 0.81512 0.81512 6.28319 0.90281 0.90281 -0.90281 -0.90281 0.99970 0.00000 0.00004 0.00000
3.00000 -2.00000 0.00000 0.82387 0.82387 6.28319 0.90765 0.90765 -0.90765 -0.90765 0.99970 0.00000 0.00003 0.00000
3.00000 -2.00000 0.00000 0.83264 0.83264 6.28319 0.91246 0.91246 -0.91246 -0.91246 0.99971 0.00000 0.00003 0.00000
3.00000 -2.00000 0.00000 0.84141 0.84141 6.28319 0.91726 0.91726 -0.91726 -0.91726 0.99971 0.00000 0.00003 0.00000
3.00000 -2.00000 0.00000 0.85020 0.85020 6.28319 0.92203 0.92203 -0.92203 -0.92203 0.99971 0.00000 0.00002 0.00000
3.00000 -2.00000 0.00000 0.85899 0.85899 6.28319 0.92679 0.92679 -0.92679 -0.92679 0.99971 0.00000 0.00002 0.00000
3.00000 -2.00000 0.00000 0.86780 0.86780 6.28319 0.93153 0.93153 -0.93153 -0.93153 0.99972 0.00000 0.00002 0.00000
3.00000 -2.00000 0.00000 0.87662 0.87662 6.28319 0.93625 0.93625 -0.93625 -0.93625 0.99972 0.00000 0.00002 0.00000
3.00000 -2.00000 0.00000 0.88544 0.88544 6.28319 0.94095 0.94095 -0.94095 -0.94095 0.99972 0.00000 0.00001 0.00000
3.00000 -2.00000 0.00000 0.89428 0.89428 6.28319 0.94563 0.94563 -0.94563 -0.94563 0.99972 0.00000 0.00001 0.00000
3.00000 -2.00000 0.00000 0.90312 0.90312 6.28319 0.95030 0.95030 -0.95030 -0.95030 0.99972 0.00000 0.00001 0.00000
3.00000 -2.00000 0.00000 0.91198 0.91198 6.28319 0.95495 0.95495 -0.95495 -0.95495 0.99973 0.00000 0.00001 0.00000
3.00000 -2.00000 0.00000 0.92084 0.92084 6.28319 0.95957 0.95957 -0.95957 -0.95957 0.99973 0.00000 0.00001 0.00000
3.00000 -2.00000 0.00000 0.92971 0.92971 6.28319 0.96419 0.96419 -0.96419 -0.96419 0.99973 0.00000 0.00001 0.00000
3.00000 -2.00000 0.00000 0.93859 0.93859 6.28319 0.96878 0.96878 -0.96878 -0.96878 0.99973 0.00000 0.00001 0.00000
3.00000 -2.00000 0.00000 0.94749 0.94749 6.28319 0.97336 0.97336 -0.97336 -0.97336 0.99974 0.00000 0.00001 0.00000
3.00000 -2.00000 0.00000 0.95639 0.95639 6.28319 0.97792 0.97792 -0.97792 -0.97792 0.99974 0.00000 0.00001 0.00000
3.00000 -2.00000 0.00000 0.96529 0.96529 6.28319 0.98246 0.98246 -0.98246 -0.98246 0.99974 0.00000 0.00001 0.00000
3.00000 -2.00000 0.00000 0.97421 0.97421 6.28319 0.98699 0.98699 -0.98699 -0.98699 0.99974 0.00000 0.00000 0.00000
3.00000 -2.00000 0.00000 0.98313 0.98313 6.28319 0.99150 0.99150 -0.99150 -0.99150 0.99974 0.00000 0.00000 0.00000
3.00000 -2.00000 0.00000 0.99207 0.99207 6.28319 0.99599 0.99599 -0.99599 -0.99599 0.99974 0.00000 0.00000 0.00000
3.00000 -2.00000 0.00000 1.00101 1.00101 6.28319 1.00047 1.00047 -1.00047 -1.00047 0.99975 0.00000 0.00000 0.00000
